{
  "w2cs_matrices": [
    [
      [
        -0.09781143069267273,
        -0.02493152767419815,
        -0.9948925971984863,
        -0.25094544887542725
      ],
      [
        0.19025295972824097,
        0.9807804822921753,
        -0.04328245297074318,
        -0.04328545555472374
      ],
      [
        0.9768503904342651,
        -0.19351479411125183,
        -0.0911882147192955,
        -0.03344517573714256
      ],
      [
        0.0,
        0.0,
        0.0,
        1.0
      ]
    ],
    [
      [
        -0.09781143069267273,
        -0.02493152767419815,
        -0.9948925971984863,
        -0.25094544887542725
      ],
      [
        0.19025295972824097,
        0.9807804822921753,
        -0.04328245297074318,
        -0.04328545555472374
      ],
      [
        0.9768503904342651,
        -0.19351479411125183,
        -0.0911882147192955,
        -0.03344517573714256
      ],
      [
        0.0,
        0.0,
        0.0,
        1.0
      ]
    ],
    [
      [
        -0.09781143069267273,
        -0.02493152767419815,
        -0.9948925971984863,
        -0.25094544887542725
      ],
      [
        0.19025295972824097,
        0.9807804822921753,
        -0.04328245297074318,
        -0.04328545555472374
      ],
      [
        0.9768503904342651,
        -0.19351479411125183,
        -0.0911882147192955,
        -0.03344517573714256
      ],
      [
        0.0,
        0.0,
        0.0,
        1.0
      ]
    ],
    [
      [
        -0.08459427207708359,
        -0.03072190098464489,
        -0.9959415793418884,
        -0.2510901987552643
      ],
      [
        0.19972288608551025,
        0.9787170886993408,
        -0.047154806554317474,
        -0.044373515993356705
      ],
      [
        0.976193904876709,
        -0.2029014229774475,
        -0.07665795832872391,
        -0.02895446866750717
      ],
      [
        0.0,
        0.0,
        0.0,
        1.0
      ]
    ],
    [
      [
        -0.08459427207708359,
        -0.03072190098464489,
        -0.9959415793418884,
        -0.2510901987552643
      ],
      [
        0.19972288608551025,
        0.9787170886993408,
        -0.047154806554317474,
        -0.044373515993356705
      ],
      [
        0.976193904876709,
        -0.2029014229774475,
        -0.07665795832872391,
        -0.02895446866750717
      ],
      [
        0.0,
        0.0,
        0.0,
        1.0
      ]
    ],
    [
      [
        -0.08459427207708359,
        -0.03072190098464489,
        -0.9959415793418884,
        -0.2510901987552643
      ],
      [
        0.19972288608551025,
        0.9787170886993408,
        -0.047154806554317474,
        -0.044373515993356705
      ],
      [
        0.976193904876709,
        -0.2029014229774475,
        -0.07665795832872391,
        -0.02895446866750717
      ],
      [
        0.0,
        0.0,
        0.0,
        1.0
      ]
    ],
    [
      [
        -0.08459427207708359,
        -0.03072190098464489,
        -0.9959415793418884,
        -0.2510901987552643
      ],
      [
        0.19972288608551025,
        0.9787170886993408,
        -0.047154806554317474,
        -0.044373515993356705
      ],
      [
        0.976193904876709,
        -0.2029014229774475,
        -0.07665795832872391,
        -0.02895446866750717
      ],
      [
        0.0,
        0.0,
        0.0,
        1.0
      ]
    ],
    [
      [
        -0.04234664887189865,
        -0.04330865293741226,
        -0.9981638789176941,
        -0.2512587308883667
      ],
      [
        0.20718128979206085,
        0.9769630432128906,
        -0.05117836967110634,
        -0.045574288815259933
      ],
      [
        0.9773855805397034,
        -0.2089681625366211,
        -0.03239832818508148,
        -0.01701413467526436
      ],
      [
        0.0,
        0.0,
        0.0,
        1.0
      ]
    ],
    [
      [
        -0.04234664887189865,
        -0.04330865293741226,
        -0.9981638789176941,
        -0.2512587308883667
      ],
      [
        0.20718128979206085,
        0.9769630432128906,
        -0.05117836967110634,
        -0.045574288815259933
      ],
      [
        0.9773855805397034,
        -0.2089681625366211,
        -0.03239832818508148,
        -0.01701413467526436
      ],
      [
        0.0,
        0.0,
        0.0,
        1.0
      ]
    ],
    [
      [
        -0.04234664887189865,
        -0.04330865293741226,
        -0.9981638789176941,
        -0.2512587308883667
      ],
      [
        0.20718128979206085,
        0.9769630432128906,
        -0.05117836967110634,
        -0.045574288815259933
      ],
      [
        0.9773855805397034,
        -0.2089681625366211,
        -0.03239832818508148,
        -0.01701413467526436
      ],
      [
        0.0,
        0.0,
        0.0,
        1.0
      ]
    ],
    [
      [
        -0.04234664887189865,
        -0.04330865293741226,
        -0.9981638789176941,
        -0.2512587308883667
      ],
      [
        0.20718128979206085,
        0.9769630432128906,
        -0.05117836967110634,
        -0.045574288815259933
      ],
      [
        0.9773855805397034,
        -0.2089681625366211,
        -0.03239832818508148,
        -0.01701413467526436
      ],
      [
        0.0,
        0.0,
        0.0,
        1.0
      ]
    ],
    [
      [
        -0.00563171599060297,
        -0.05084767937660217,
        -0.9986904263496399,
        -0.25067660212516785
      ],
      [
        0.21145252883434296,
        0.9760624766349792,
        -0.05088804289698601,
        -0.04579930379986763
      ],
      [
        0.9773721098899841,
        -0.21146231889724731,
        0.005255050957202911,
        -0.007105380296707153
      ],
      [
        0.0,
        0.0,
        0.0,
        1.0
      ]
    ],
    [
      [
        -0.00563171599060297,
        -0.05084767937660217,
        -0.9986904263496399,
        -0.25067660212516785
      ],
      [
        0.21145252883434296,
        0.9760624766349792,
        -0.05088804289698601,
        -0.04579930379986763
      ],
      [
        0.9773721098899841,
        -0.21146231889724731,
        0.005255050957202911,
        -0.007105380296707153
      ],
      [
        0.0,
        0.0,
        0.0,
        1.0
      ]
    ],
    [
      [
        -0.00563171599060297,
        -0.05084767937660217,
        -0.9986904263496399,
        -0.25067660212516785
      ],
      [
        0.21145252883434296,
        0.9760624766349792,
        -0.05088804289698601,
        -0.04579930379986763
      ],
      [
        0.9773721098899841,
        -0.21146231889724731,
        0.005255050957202911,
        -0.007105380296707153
      ],
      [
        0.0,
        0.0,
        0.0,
        1.0
      ]
    ],
    [
      [
        -0.00563171599060297,
        -0.05084767937660217,
        -0.9986904263496399,
        -0.25067660212516785
      ],
      [
        0.21145252883434296,
        0.9760624766349792,
        -0.05088804289698601,
        -0.04579930379986763
      ],
      [
        0.9773721098899841,
        -0.21146231889724731,
        0.005255050957202911,
        -0.007105380296707153
      ],
      [
        0.0,
        0.0,
        0.0,
        1.0
      ]
    ],
    [
      [
        0.02084575779736042,
        -0.05421586334705353,
        -0.9983115196228027,
        -0.2494012862443924
      ],
      [
        0.2135418802499771,
        0.9757276773452759,
        -0.0485304594039917,
        -0.04568079113960266
      ],
      [
        0.9767114520072937,
        -0.21216978132724762,
        0.031917210668325424,
        -2.7674250304698944e-05
      ],
      [
        0.0,
        0.0,
        0.0,
        1.0
      ]
    ],
    [
      [
        0.02084575779736042,
        -0.05421586334705353,
        -0.9983115196228027,
        -0.2494012862443924
      ],
      [
        0.2135418802499771,
        0.9757276773452759,
        -0.0485304594039917,
        -0.04568079113960266
      ],
      [
        0.9767114520072937,
        -0.21216978132724762,
        0.031917210668325424,
        -2.7674250304698944e-05
      ],
      [
        0.0,
        0.0,
        0.0,
        1.0
      ]
    ],
    [
      [
        0.02084575779736042,
        -0.05421586334705353,
        -0.9983115196228027,
        -0.2494012862443924
      ],
      [
        0.2135418802499771,
        0.9757276773452759,
        -0.0485304594039917,
        -0.04568079113960266
      ],
      [
        0.9767114520072937,
        -0.21216978132724762,
        0.031917210668325424,
        -2.7674250304698944e-05
      ],
      [
        0.0,
        0.0,
        0.0,
        1.0
      ]
    ],
    [
      [
        0.02084575779736042,
        -0.05421586334705353,
        -0.9983115196228027,
        -0.2494012862443924
      ],
      [
        0.2135418802499771,
        0.9757276773452759,
        -0.0485304594039917,
        -0.04568079113960266
      ],
      [
        0.9767114520072937,
        -0.21216978132724762,
        0.031917210668325424,
        -2.7674250304698944e-05
      ],
      [
        0.0,
        0.0,
        0.0,
        1.0
      ]
    ],
    [
      [
        0.043731048703193665,
        -0.06017955020070076,
        -0.9972290396690369,
        -0.24761079251766205
      ],
      [
        0.2162020057439804,
        0.9750998616218567,
        -0.049363188445568085,
        -0.046514227986335754
      ],
      [
        0.9753686189651489,
        -0.21344438195228577,
        0.05565324053168297,
        0.006879790686070919
      ],
      [
        0.0,
        0.0,
        0.0,
        1.0
      ]
    ],
    [
      [
        0.043731048703193665,
        -0.06017955020070076,
        -0.9972290396690369,
        -0.24761079251766205
      ],
      [
        0.2162020057439804,
        0.9750998616218567,
        -0.049363188445568085,
        -0.046514227986335754
      ],
      [
        0.9753686189651489,
        -0.21344438195228577,
        0.05565324053168297,
        0.006879790686070919
      ],
      [
        0.0,
        0.0,
        0.0,
        1.0
      ]
    ],
    [
      [
        0.043731048703193665,
        -0.06017955020070076,
        -0.9972290396690369,
        -0.24761079251766205
      ],
      [
        0.2162020057439804,
        0.9750998616218567,
        -0.049363188445568085,
        -0.046514227986335754
      ],
      [
        0.9753686189651489,
        -0.21344438195228577,
        0.05565324053168297,
        0.006879790686070919
      ],
      [
        0.0,
        0.0,
        0.0,
        1.0
      ]
    ],
    [
      [
        0.043731048703193665,
        -0.06017955020070076,
        -0.9972290396690369,
        -0.24761079251766205
      ],
      [
        0.2162020057439804,
        0.9750998616218567,
        -0.049363188445568085,
        -0.046514227986335754
      ],
      [
        0.9753686189651489,
        -0.21344438195228577,
        0.05565324053168297,
        0.006879790686070919
      ],
      [
        0.0,
        0.0,
        0.0,
        1.0
      ]
    ],
    [
      [
        0.05558883398771286,
        -0.04960102587938309,
        -0.9972208738327026,
        -0.24760611355304718
      ],
      [
        0.2334078848361969,
        0.9717370271682739,
        -0.03532256558537483,
        -0.04261791706085205
      ],
      [
        0.9707885384559631,
        -0.23079580068588257,
        0.0655951276421547,
        0.011130827479064465
      ],
      [
        0.0,
        0.0,
        0.0,
        1.0
      ]
    ],
    [
      [
        0.05558883398771286,
        -0.04960102587938309,
        -0.9972208738327026,
        -0.24760611355304718
      ],
      [
        0.2334078848361969,
        0.9717370271682739,
        -0.03532256558537483,
        -0.04261791706085205
      ],
      [
        0.9707885384559631,
        -0.23079580068588257,
        0.0655951276421547,
        0.011130827479064465
      ],
      [
        0.0,
        0.0,
        0.0,
        1.0
      ]
    ],
    [
      [
        0.05558883398771286,
        -0.04960102587938309,
        -0.9972208738327026,
        -0.24760611355304718
      ],
      [
        0.2334078848361969,
        0.9717370271682739,
        -0.03532256558537483,
        -0.04261791706085205
      ],
      [
        0.9707885384559631,
        -0.23079580068588257,
        0.0655951276421547,
        0.011130827479064465
      ],
      [
        0.0,
        0.0,
        0.0,
        1.0
      ]
    ],
    [
      [
        0.05558883398771286,
        -0.04960102587938309,
        -0.9972208738327026,
        -0.24760611355304718
      ],
      [
        0.2334078848361969,
        0.9717370271682739,
        -0.03532256558537483,
        -0.04261791706085205
      ],
      [
        0.9707885384559631,
        -0.23079580068588257,
        0.0655951276421547,
        0.011130827479064465
      ],
      [
        0.0,
        0.0,
        0.0,
        1.0
      ]
    ],
    [
      [
        0.07186730206012726,
        -0.045949190855026245,
        -0.9963551759719849,
        -0.24763531982898712
      ],
      [
        0.24637694656848907,
        0.96880042552948,
        -0.02690727263689041,
        -0.04011537507176399
      ],
      [
        0.9665057063102722,
        -0.24354521930217743,
        0.0809459239244461,
        0.015958117321133614
      ],
      [
        0.0,
        0.0,
        0.0,
        1.0
      ]
    ],
    [
      [
        0.07186730206012726,
        -0.045949190855026245,
        -0.9963551759719849,
        -0.24763531982898712
      ],
      [
        0.24637694656848907,
        0.96880042552948,
        -0.02690727263689041,
        -0.04011537507176399
      ],
      [
        0.9665057063102722,
        -0.24354521930217743,
        0.0809459239244461,
        0.015958117321133614
      ],
      [
        0.0,
        0.0,
        0.0,
        1.0
      ]
    ],
    [
      [
        0.07186730206012726,
        -0.045949190855026245,
        -0.9963551759719849,
        -0.24763531982898712
      ],
      [
        0.24637694656848907,
        0.96880042552948,
        -0.02690727263689041,
        -0.04011537507176399
      ],
      [
        0.9665057063102722,
        -0.24354521930217743,
        0.0809459239244461,
        0.015958117321133614
      ],
      [
        0.0,
        0.0,
        0.0,
        1.0
      ]
    ],
    [
      [
        0.07186730206012726,
        -0.045949190855026245,
        -0.9963551759719849,
        -0.24763531982898712
      ],
      [
        0.24637694656848907,
        0.96880042552948,
        -0.02690727263689041,
        -0.04011537507176399
      ],
      [
        0.9665057063102722,
        -0.24354521930217743,
        0.0809459239244461,
        0.015958117321133614
      ],
      [
        0.0,
        0.0,
        0.0,
        1.0
      ]
    ],
    [
      [
        0.09619218111038208,
        -0.04646042734384537,
        -0.9942777752876282,
        -0.2477804571390152
      ],
      [
        0.25168272852897644,
        0.9675847291946411,
        -0.02086394466459751,
        -0.03851117566227913
      ],
      [
        0.963017463684082,
        -0.24823573231697083,
        0.10476743429899216,
        0.021863587200641632
      ],
      [
        0.0,
        0.0,
        0.0,
        1.0
      ]
    ],
    [
      [
        0.09619218111038208,
        -0.04646042734384537,
        -0.9942777752876282,
        -0.2477804571390152
      ],
      [
        0.25168272852897644,
        0.9675847291946411,
        -0.02086394466459751,
        -0.03851117566227913
      ],
      [
        0.963017463684082,
        -0.24823573231697083,
        0.10476743429899216,
        0.021863587200641632
      ],
      [
        0.0,
        0.0,
        0.0,
        1.0
      ]
    ],
    [
      [
        0.09619218111038208,
        -0.04646042734384537,
        -0.9942777752876282,
        -0.2477804571390152
      ],
      [
        0.25168272852897644,
        0.9675847291946411,
        -0.02086394466459751,
        -0.03851117566227913
      ],
      [
        0.963017463684082,
        -0.24823573231697083,
        0.10476743429899216,
        0.021863587200641632
      ],
      [
        0.0,
        0.0,
        0.0,
        1.0
      ]
    ],
    [
      [
        0.09619218111038208,
        -0.04646042734384537,
        -0.9942777752876282,
        -0.2477804571390152
      ],
      [
        0.25168272852897644,
        0.9675847291946411,
        -0.02086394466459751,
        -0.03851117566227913
      ],
      [
        0.963017463684082,
        -0.24823573231697083,
        0.10476743429899216,
        0.021863587200641632
      ],
      [
        0.0,
        0.0,
        0.0,
        1.0
      ]
    ],
    [
      [
        0.1354825794696808,
        -0.05095142498612404,
        -0.9894686341285706,
        -0.2478025257587433
      ],
      [
        0.25007006525993347,
        0.9681018590927124,
        -0.015610446222126484,
        -0.037417445331811905
      ],
      [
        0.9587018489837646,
        -0.24532166123390198,
        0.14390239119529724,
        0.03070841170847416
      ],
      [
        0.0,
        0.0,
        0.0,
        1.0
      ]
    ],
    [
      [
        0.1354825794696808,
        -0.05095142498612404,
        -0.9894686341285706,
        -0.2478025257587433
      ],
      [
        0.25007006525993347,
        0.9681018590927124,
        -0.015610446222126484,
        -0.037417445331811905
      ],
      [
        0.9587018489837646,
        -0.24532166123390198,
        0.14390239119529724,
        0.03070841170847416
      ],
      [
        0.0,
        0.0,
        0.0,
        1.0
      ]
    ],
    [
      [
        0.1354825794696808,
        -0.05095142498612404,
        -0.9894686341285706,
        -0.2478025257587433
      ],
      [
        0.25007006525993347,
        0.9681018590927124,
        -0.015610446222126484,
        -0.037417445331811905
      ],
      [
        0.9587018489837646,
        -0.24532166123390198,
        0.14390239119529724,
        0.03070841170847416
      ],
      [
        0.0,
        0.0,
        0.0,
        1.0
      ]
    ],
    [
      [
        0.1354825794696808,
        -0.05095142498612404,
        -0.9894686341285706,
        -0.2478025257587433
      ],
      [
        0.25007006525993347,
        0.9681018590927124,
        -0.015610446222126484,
        -0.037417445331811905
      ],
      [
        0.9587018489837646,
        -0.24532166123390198,
        0.14390239119529724,
        0.03070841170847416
      ],
      [
        0.0,
        0.0,
        0.0,
        1.0
      ]
    ],
    [
      [
        0.19284380972385406,
        -0.05712134391069412,
        -0.9795653820037842,
        -0.24757938086986542
      ],
      [
        0.242911234498024,
        0.9700090289115906,
        -0.008742994628846645,
        -0.036154020577669144
      ],
      [
        0.9506866931915283,
        -0.23626147210597992,
        0.20093566179275513,
        0.04356668144464493
      ],
      [
        0.0,
        0.0,
        0.0,
        1.0
      ]
    ],
    [
      [
        0.19284380972385406,
        -0.05712134391069412,
        -0.9795653820037842,
        -0.24757938086986542
      ],
      [
        0.242911234498024,
        0.9700090289115906,
        -0.008742994628846645,
        -0.036154020577669144
      ],
      [
        0.9506866931915283,
        -0.23626147210597992,
        0.20093566179275513,
        0.04356668144464493
      ],
      [
        0.0,
        0.0,
        0.0,
        1.0
      ]
    ],
    [
      [
        0.19284380972385406,
        -0.05712134391069412,
        -0.9795653820037842,
        -0.24757938086986542
      ],
      [
        0.242911234498024,
        0.9700090289115906,
        -0.008742994628846645,
        -0.036154020577669144
      ],
      [
        0.9506866931915283,
        -0.23626147210597992,
        0.20093566179275513,
        0.04356668144464493
      ],
      [
        0.0,
        0.0,
        0.0,
        1.0
      ]
    ],
    [
      [
        0.19284380972385406,
        -0.05712134391069412,
        -0.9795653820037842,
        -0.24757938086986542
      ],
      [
        0.242911234498024,
        0.9700090289115906,
        -0.008742994628846645,
        -0.036154020577669144
      ],
      [
        0.9506866931915283,
        -0.23626147210597992,
        0.20093566179275513,
        0.04356668144464493
      ],
      [
        0.0,
        0.0,
        0.0,
        1.0
      ]
    ],
    [
      [
        0.25522008538246155,
        -0.07202591747045517,
        -0.964196503162384,
        -0.24637165665626526
      ],
      [
        0.23869943618774414,
        0.9710482954978943,
        -0.00935477763414383,
        -0.036551691591739655
      ],
      [
        0.9369552731513977,
        -0.2277657389640808,
        0.2650235891342163,
        0.059095822274684906
      ],
      [
        0.0,
        0.0,
        0.0,
        1.0
      ]
    ],
    [
      [
        0.25522008538246155,
        -0.07202591747045517,
        -0.964196503162384,
        -0.24637165665626526
      ],
      [
        0.23869943618774414,
        0.9710482954978943,
        -0.00935477763414383,
        -0.036551691591739655
      ],
      [
        0.9369552731513977,
        -0.2277657389640808,
        0.2650235891342163,
        0.059095822274684906
      ],
      [
        0.0,
        0.0,
        0.0,
        1.0
      ]
    ],
    [
      [
        0.25522008538246155,
        -0.07202591747045517,
        -0.964196503162384,
        -0.24637165665626526
      ],
      [
        0.23869943618774414,
        0.9710482954978943,
        -0.00935477763414383,
        -0.036551691591739655
      ],
      [
        0.9369552731513977,
        -0.2277657389640808,
        0.2650235891342163,
        0.059095822274684906
      ],
      [
        0.0,
        0.0,
        0.0,
        1.0
      ]
    ],
    [
      [
        0.25522008538246155,
        -0.07202591747045517,
        -0.964196503162384,
        -0.24637165665626526
      ],
      [
        0.23869943618774414,
        0.9710482954978943,
        -0.00935477763414383,
        -0.036551691591739655
      ],
      [
        0.9369552731513977,
        -0.2277657389640808,
        0.2650235891342163,
        0.059095822274684906
      ],
      [
        0.0,
        0.0,
        0.0,
        1.0
      ]
    ],
    [
      [
        0.30445626378059387,
        -0.0766763836145401,
        -0.9494351744651794,
        -0.2463390827178955
      ],
      [
        0.2390674501657486,
        0.971001148223877,
        -0.0017562106950208545,
        -0.03454401344060898
      ],
      [
        0.9220374226570129,
        -0.22644445300102234,
        0.3139583468437195,
        0.0723399668931961
      ],
      [
        0.0,
        0.0,
        0.0,
        1.0
      ]
    ],
    [
      [
        0.30445626378059387,
        -0.0766763836145401,
        -0.9494351744651794,
        -0.2463390827178955
      ],
      [
        0.2390674501657486,
        0.971001148223877,
        -0.0017562106950208545,
        -0.03454401344060898
      ],
      [
        0.9220374226570129,
        -0.22644445300102234,
        0.3139583468437195,
        0.0723399668931961
      ],
      [
        0.0,
        0.0,
        0.0,
        1.0
      ]
    ],
    [
      [
        0.30445626378059387,
        -0.0766763836145401,
        -0.9494351744651794,
        -0.2463390827178955
      ],
      [
        0.2390674501657486,
        0.971001148223877,
        -0.0017562106950208545,
        -0.03454401344060898
      ],
      [
        0.9220374226570129,
        -0.22644445300102234,
        0.3139583468437195,
        0.0723399668931961
      ],
      [
        0.0,
        0.0,
        0.0,
        1.0
      ]
    ],
    [
      [
        0.30445626378059387,
        -0.0766763836145401,
        -0.9494351744651794,
        -0.2463390827178955
      ],
      [
        0.2390674501657486,
        0.971001148223877,
        -0.0017562106950208545,
        -0.03454401344060898
      ],
      [
        0.9220374226570129,
        -0.22644445300102234,
        0.3139583468437195,
        0.0723399668931961
      ],
      [
        0.0,
        0.0,
        0.0,
        1.0
      ]
    ],
    [
      [
        0.3632780611515045,
        -0.09038849174976349,
        -0.9272856712341309,
        -0.24333429336547852
      ],
      [
        0.24889178574085236,
        0.968526303768158,
        0.003098595654591918,
        -0.032546091824769974
      ],
      [
        0.8978204727172852,
        -0.23191946744918823,
        0.3743414282798767,
        0.08962468802928925
      ],
      [
        0.0,
        0.0,
        0.0,
        1.0
      ]
    ],
    [
      [
        0.3632780611515045,
        -0.09038849174976349,
        -0.9272856712341309,
        -0.24333429336547852
      ],
      [
        0.24889178574085236,
        0.968526303768158,
        0.003098595654591918,
        -0.032546091824769974
      ],
      [
        0.8978204727172852,
        -0.23191946744918823,
        0.3743414282798767,
        0.08962468802928925
      ],
      [
        0.0,
        0.0,
        0.0,
        1.0
      ]
    ],
    [
      [
        0.3632780611515045,
        -0.09038849174976349,
        -0.9272856712341309,
        -0.24333429336547852
      ],
      [
        0.24889178574085236,
        0.968526303768158,
        0.003098595654591918,
        -0.032546091824769974
      ],
      [
        0.8978204727172852,
        -0.23191946744918823,
        0.3743414282798767,
        0.08962468802928925
      ],
      [
        0.0,
        0.0,
        0.0,
        1.0
      ]
    ],
    [
      [
        0.3632780611515045,
        -0.09038849174976349,
        -0.9272856712341309,
        -0.24333429336547852
      ],
      [
        0.24889178574085236,
        0.968526303768158,
        0.003098595654591918,
        -0.032546091824769974
      ],
      [
        0.8978204727172852,
        -0.23191946744918823,
        0.3743414282798767,
        0.08962468802928925
      ],
      [
        0.0,
        0.0,
        0.0,
        1.0
      ]
    ],
    [
      [
        0.41484886407852173,
        -0.10310063511133194,
        -0.9040300846099854,
        -0.23898395895957947
      ],
      [
        0.25160646438598633,
        0.9678162336349487,
        0.005084022413939238,
        -0.031604327261447906
      ],
      [
        0.8744108080863953,
        -0.22956903278827667,
        0.4274383783340454,
        0.10461544990539551
      ],
      [
        0.0,
        0.0,
        0.0,
        1.0
      ]
    ],
    [
      [
        0.41484886407852173,
        -0.10310063511133194,
        -0.9040300846099854,
        -0.23898395895957947
      ],
      [
        0.25160646438598633,
        0.9678162336349487,
        0.005084022413939238,
        -0.031604327261447906
      ],
      [
        0.8744108080863953,
        -0.22956903278827667,
        0.4274383783340454,
        0.10461544990539551
      ],
      [
        0.0,
        0.0,
        0.0,
        1.0
      ]
    ],
    [
      [
        0.41484886407852173,
        -0.10310063511133194,
        -0.9040300846099854,
        -0.23898395895957947
      ],
      [
        0.25160646438598633,
        0.9678162336349487,
        0.005084022413939238,
        -0.031604327261447906
      ],
      [
        0.8744108080863953,
        -0.22956903278827667,
        0.4274383783340454,
        0.10461544990539551
      ],
      [
        0.0,
        0.0,
        0.0,
        1.0
      ]
    ],
    [
      [
        0.41484886407852173,
        -0.10310063511133194,
        -0.9040300846099854,
        -0.23898395895957947
      ],
      [
        0.25160646438598633,
        0.9678162336349487,
        0.005084022413939238,
        -0.031604327261447906
      ],
      [
        0.8744108080863953,
        -0.22956903278827667,
        0.4274383783340454,
        0.10461544990539551
      ],
      [
        0.0,
        0.0,
        0.0,
        1.0
      ]
    ],
    [
      [
        0.45324522256851196,
        -0.11177368462085724,
        -0.8843502998352051,
        -0.23474743962287903
      ],
      [
        0.24736115336418152,
        0.9689136147499084,
        0.004315233789384365,
        -0.03160033002495766
      ],
      [
        0.8563767075538635,
        -0.22070984542369843,
        0.46680405735969543,
        0.115215003490448
      ],
      [
        0.0,
        0.0,
        0.0,
        1.0
      ]
    ],
    [
      [
        0.45324522256851196,
        -0.11177368462085724,
        -0.8843502998352051,
        -0.23474743962287903
      ],
      [
        0.24736115336418152,
        0.9689136147499084,
        0.004315233789384365,
        -0.03160033002495766
      ],
      [
        0.8563767075538635,
        -0.22070984542369843,
        0.46680405735969543,
        0.115215003490448
      ],
      [
        0.0,
        0.0,
        0.0,
        1.0
      ]
    ],
    [
      [
        0.45324522256851196,
        -0.11177368462085724,
        -0.8843502998352051,
        -0.23474743962287903
      ],
      [
        0.24736115336418152,
        0.9689136147499084,
        0.004315233789384365,
        -0.03160033002495766
      ],
      [
        0.8563767075538635,
        -0.22070984542369843,
        0.46680405735969543,
        0.115215003490448
      ],
      [
        0.0,
        0.0,
        0.0,
        1.0
      ]
    ],
    [
      [
        0.45324522256851196,
        -0.11177368462085724,
        -0.8843502998352051,
        -0.23474743962287903
      ],
      [
        0.24736115336418152,
        0.9689136147499084,
        0.004315233789384365,
        -0.03160033002495766
      ],
      [
        0.8563767075538635,
        -0.22070984542369843,
        0.46680405735969543,
        0.115215003490448
      ],
      [
        0.0,
        0.0,
        0.0,
        1.0
      ]
    ],
    [
      [
        0.4785761833190918,
        -0.11669278889894485,
        -0.8702570796012878,
        -0.23129570484161377
      ],
      [
        0.23877975344657898,
        0.9710730910301208,
        0.0010996138444170356,
        -0.03241413086652756
      ],
      [
        0.8449549078941345,
        -0.20832619071006775,
        0.4925963878631592,
        0.12155476957559586
      ],
      [
        0.0,
        0.0,
        0.0,
        1.0
      ]
    ],
    [
      [
        0.4785761833190918,
        -0.11669278889894485,
        -0.8702570796012878,
        -0.23129570484161377
      ],
      [
        0.23877975344657898,
        0.9710730910301208,
        0.0010996138444170356,
        -0.03241413086652756
      ],
      [
        0.8449549078941345,
        -0.20832619071006775,
        0.4925963878631592,
        0.12155476957559586
      ],
      [
        0.0,
        0.0,
        0.0,
        1.0
      ]
    ],
    [
      [
        0.4785761833190918,
        -0.11669278889894485,
        -0.8702570796012878,
        -0.23129570484161377
      ],
      [
        0.23877975344657898,
        0.9710730910301208,
        0.0010996138444170356,
        -0.03241413086652756
      ],
      [
        0.8449549078941345,
        -0.20832619071006775,
        0.4925963878631592,
        0.12155476957559586
      ],
      [
        0.0,
        0.0,
        0.0,
        1.0
      ]
    ],
    [
      [
        0.4785761833190918,
        -0.11669278889894485,
        -0.8702570796012878,
        -0.23129570484161377
      ],
      [
        0.23877975344657898,
        0.9710730910301208,
        0.0010996138444170356,
        -0.03241413086652756
      ],
      [
        0.8449549078941345,
        -0.20832619071006775,
        0.4925963878631592,
        0.12155476957559586
      ],
      [
        0.0,
        0.0,
        0.0,
        1.0
      ]
    ],
    [
      [
        0.4941408336162567,
        -0.11999891698360443,
        -0.861060380935669,
        -0.2284061461687088
      ],
      [
        0.2279476672410965,
        0.9736611843109131,
        -0.004877714440226555,
        -0.033974386751651764
      ],
      [
        0.838966429233551,
        -0.19386641681194305,
        0.5084792375564575,
        0.12484869360923767
      ],
      [
        0.0,
        0.0,
        0.0,
        1.0
      ]
    ],
    [
      [
        0.4941408336162567,
        -0.11999891698360443,
        -0.861060380935669,
        -0.2284061461687088
      ],
      [
        0.2279476672410965,
        0.9736611843109131,
        -0.004877714440226555,
        -0.033974386751651764
      ],
      [
        0.838966429233551,
        -0.19386641681194305,
        0.5084792375564575,
        0.12484869360923767
      ],
      [
        0.0,
        0.0,
        0.0,
        1.0
      ]
    ],
    [
      [
        0.4941408336162567,
        -0.11999891698360443,
        -0.861060380935669,
        -0.2284061461687088
      ],
      [
        0.2279476672410965,
        0.9736611843109131,
        -0.004877714440226555,
        -0.033974386751651764
      ],
      [
        0.838966429233551,
        -0.19386641681194305,
        0.5084792375564575,
        0.12484869360923767
      ],
      [
        0.0,
        0.0,
        0.0,
        1.0
      ]
    ],
    [
      [
        0.4941408336162567,
        -0.11999891698360443,
        -0.861060380935669,
        -0.2284061461687088
      ],
      [
        0.2279476672410965,
        0.9736611843109131,
        -0.004877714440226555,
        -0.033974386751651764
      ],
      [
        0.838966429233551,
        -0.19386641681194305,
        0.5084792375564575,
        0.12484869360923767
      ],
      [
        0.0,
        0.0,
        0.0,
        1.0
      ]
    ],
    [
      [
        0.5047123432159424,
        -0.12385691702365875,
        -0.8543561697006226,
        -0.22537854313850403
      ],
      [
        0.21638451516628265,
        0.9762120246887207,
        -0.013693122193217278,
        -0.036297958344221115
      ],
      [
        0.8357288241386414,
        -0.17795860767364502,
        0.5195072293281555,
        0.12680160999298096
      ],
      [
        0.0,
        0.0,
        0.0,
        1.0
      ]
    ],
    [
      [
        0.5047123432159424,
        -0.12385691702365875,
        -0.8543561697006226,
        -0.22537854313850403
      ],
      [
        0.21638451516628265,
        0.9762120246887207,
        -0.013693122193217278,
        -0.036297958344221115
      ],
      [
        0.8357288241386414,
        -0.17795860767364502,
        0.5195072293281555,
        0.12680160999298096
      ],
      [
        0.0,
        0.0,
        0.0,
        1.0
      ]
    ],
    [
      [
        0.5047123432159424,
        -0.12385691702365875,
        -0.8543561697006226,
        -0.22537854313850403
      ],
      [
        0.21638451516628265,
        0.9762120246887207,
        -0.013693122193217278,
        -0.036297958344221115
      ],
      [
        0.8357288241386414,
        -0.17795860767364502,
        0.5195072293281555,
        0.12680160999298096
      ],
      [
        0.0,
        0.0,
        0.0,
        1.0
      ]
    ],
    [
      [
        0.5047123432159424,
        -0.12385691702365875,
        -0.8543561697006226,
        -0.22537854313850403
      ],
      [
        0.21638451516628265,
        0.9762120246887207,
        -0.013693122193217278,
        -0.036297958344221115
      ],
      [
        0.8357288241386414,
        -0.17795860767364502,
        0.5195072293281555,
        0.12680160999298096
      ],
      [
        0.0,
        0.0,
        0.0,
        1.0
      ]
    ],
    [
      [
        0.5168166756629944,
        -0.12623344361782074,
        -0.846738338470459,
        -0.22167399525642395
      ],
      [
        0.20692481100559235,
        0.9781619310379028,
        -0.01952739618718624,
        -0.03792928531765938
      ],
      [
        0.8307121992111206,
        -0.16511909663677216,
        0.5316510796546936,
        0.12978774309158325
      ],
      [
        0.0,
        0.0,
        0.0,
        1.0
      ]
    ],
    [
      [
        0.5168166756629944,
        -0.12623344361782074,
        -0.846738338470459,
        -0.22167399525642395
      ],
      [
        0.20692481100559235,
        0.9781619310379028,
        -0.01952739618718624,
        -0.03792928531765938
      ],
      [
        0.8307121992111206,
        -0.16511909663677216,
        0.5316510796546936,
        0.12978774309158325
      ],
      [
        0.0,
        0.0,
        0.0,
        1.0
      ]
    ],
    [
      [
        0.5168166756629944,
        -0.12623344361782074,
        -0.846738338470459,
        -0.22167399525642395
      ],
      [
        0.20692481100559235,
        0.9781619310379028,
        -0.01952739618718624,
        -0.03792928531765938
      ],
      [
        0.8307121992111206,
        -0.16511909663677216,
        0.5316510796546936,
        0.12978774309158325
      ],
      [
        0.0,
        0.0,
        0.0,
        1.0
      ]
    ],
    [
      [
        0.5168166756629944,
        -0.12623344361782074,
        -0.846738338470459,
        -0.22167399525642395
      ],
      [
        0.20692481100559235,
        0.9781619310379028,
        -0.01952739618718624,
        -0.03792928531765938
      ],
      [
        0.8307121992111206,
        -0.16511909663677216,
        0.5316510796546936,
        0.12978774309158325
      ],
      [
        0.0,
        0.0,
        0.0,
        1.0
      ]
    ],
    [
      [
        0.5268350839614868,
        -0.12490315735340118,
        -0.8407400846481323,
        -0.21851502358913422
      ],
      [
        0.2048790007829666,
        0.9786394834518433,
        -0.01700608618557453,
        -0.03732725977897644
      ],
      [
        0.8249056935310364,
        -0.1632906049489975,
        0.5411716103553772,
        0.1338900625705719
      ],
      [
        0.0,
        0.0,
        0.0,
        1.0
      ]
    ],
    [
      [
        0.5268350839614868,
        -0.12490315735340118,
        -0.8407400846481323,
        -0.21851502358913422
      ],
      [
        0.2048790007829666,
        0.9786394834518433,
        -0.01700608618557453,
        -0.03732725977897644
      ],
      [
        0.8249056935310364,
        -0.1632906049489975,
        0.5411716103553772,
        0.1338900625705719
      ],
      [
        0.0,
        0.0,
        0.0,
        1.0
      ]
    ],
    [
      [
        0.5268350839614868,
        -0.12490315735340118,
        -0.8407400846481323,
        -0.21851502358913422
      ],
      [
        0.2048790007829666,
        0.9786394834518433,
        -0.01700608618557453,
        -0.03732725977897644
      ],
      [
        0.8249056935310364,
        -0.1632906049489975,
        0.5411716103553772,
        0.1338900625705719
      ],
      [
        0.0,
        0.0,
        0.0,
        1.0
      ]
    ],
    [
      [
        0.5268350839614868,
        -0.12490315735340118,
        -0.8407400846481323,
        -0.21851502358913422
      ],
      [
        0.2048790007829666,
        0.9786394834518433,
        -0.01700608618557453,
        -0.03732725977897644
      ],
      [
        0.8249056935310364,
        -0.1632906049489975,
        0.5411716103553772,
        0.1338900625705719
      ],
      [
        0.0,
        0.0,
        0.0,
        1.0
      ]
    ],
    [
      [
        0.5255233645439148,
        -0.11949697136878967,
        -0.8423455953598022,
        -0.21799911558628082
      ],
      [
        0.21955841779708862,
        0.9755984544754028,
        -0.001422068802639842,
