{
  "w2cs_matrices": [
    [
      [
        0.05241793766617775,
        0.9984097480773926,
        -0.020741090178489685,
        1.8118932247161865
      ],
      [
        0.0033678493928164244,
        -0.020946253091096878,
        -0.9997748732566833,
        0.11802644282579422
      ],
      [
        -0.9986196160316467,
        0.05233621224761009,
        -0.004460376687347889,
        -0.589108943939209
      ],
      [
        1.3255621045260568e-09,
        8.60794102663931e-09,
        -2.4569679624164564e-11,
        1.0
      ]
    ],
    [
      [
        0.05241793766617775,
        0.9984097480773926,
        -0.020741090178489685,
        1.8118932247161865
      ],
      [
        0.0033678493928164244,
        -0.020946253091096878,
        -0.9997748732566833,
        0.11802644282579422
      ],
      [
        -0.9986196160316467,
        0.05233621224761009,
        -0.004460376687347889,
        -0.589108943939209
      ],
      [
        1.3255621045260568e-09,
        8.60794102663931e-09,
        -2.4569679624164564e-11,
        1.0
      ]
    ],
    [
      [
        0.05241793766617775,
        0.9984097480773926,
        -0.020741090178489685,
        1.8118932247161865
      ],
      [
        0.0033678493928164244,
        -0.020946253091096878,
        -0.9997748732566833,
        0.11802644282579422
      ],
      [
        -0.9986196160316467,
        0.05233621224761009,
        -0.004460376687347889,
        -0.589108943939209
      ],
      [
        1.3255621045260568e-09,
        8.60794102663931e-09,
        -2.4569679624164564e-11,
        1.0
      ]
    ],
    [
      [
        0.04687805846333504,
        0.9986732602119446,
        -0.021308444440364838,
        1.8104225397109985
      ],
      [
        -0.015262344852089882,
        -0.02061322145164013,
        -0.9996710419654846,
        0.10626084357500076
      ],
      [
        -0.9987839460372925,
        0.047187842428684235,
        0.014275851659476757,
        -0.5973606109619141
      ],
      [
        -2.595224257717632e-09,
        -1.9131061179678e-08,
        7.646989708121055e-10,
        1.0
      ]
    ],
    [
      [
        0.04687805846333504,
        0.9986732602119446,
        -0.021308444440364838,
        1.8104225397109985
      ],
      [
        -0.015262344852089882,
        -0.02061322145164013,
        -0.9996710419654846,
        0.10626084357500076
      ],
      [
        -0.9987839460372925,
        0.047187842428684235,
        0.014275851659476757,
        -0.5973606109619141
      ],
      [
        -2.595224257717632e-09,
        -1.9131061179678e-08,
        7.646989708121055e-10,
        1.0
      ]
    ],
    [
      [
        0.04687805846333504,
        0.9986732602119446,
        -0.021308444440364838,
        1.8104225397109985
      ],
      [
        -0.015262344852089882,
        -0.02061322145164013,
        -0.9996710419654846,
        0.10626084357500076
      ],
      [
        -0.9987839460372925,
        0.047187842428684235,
        0.014275851659476757,
        -0.5973606109619141
      ],
      [
        -2.595224257717632e-09,
        -1.9131061179678e-08,
        7.646989708121055e-10,
        1.0
      ]
    ],
    [
      [
        0.04687805846333504,
        0.9986732602119446,
        -0.021308444440364838,
        1.8104225397109985
      ],
      [
        -0.015262344852089882,
        -0.02061322145164013,
        -0.9996710419654846,
        0.10626084357500076
      ],
      [
        -0.9987839460372925,
        0.047187842428684235,
        0.014275851659476757,
        -0.5973606109619141
      ],
      [
        -2.595224257717632e-09,
        -1.9131061179678e-08,
        7.646989708121055e-10,
        1.0
      ]
    ],
    [
      [
        0.0328124575316906,
        0.9992391467094421,
        -0.021089205518364906,
        1.8096282482147217
      ],
      [
        -0.03287811949849129,
        -0.020009953528642654,
        -0.9992590546607971,
        0.09382182359695435
      ],
      [
        -0.9989205598831177,
        0.03348148241639137,
        0.0321965254843235,
        -0.6278465986251831
      ],
      [
        -1.141939875992648e-09,
        7.975134508342308e-08,
        -5.40928191128387e-10,
        1.0
      ]
    ],
    [
      [
        0.0328124575316906,
        0.9992391467094421,
        -0.021089205518364906,
        1.8096282482147217
      ],
      [
        -0.03287811949849129,
        -0.020009953528642654,
        -0.9992590546607971,
        0.09382182359695435
      ],
      [
        -0.9989205598831177,
        0.03348148241639137,
        0.0321965254843235,
        -0.6278465986251831
      ],
      [
        -1.141939875992648e-09,
        7.975134508342308e-08,
        -5.40928191128387e-10,
        1.0
      ]
    ],
    [
      [
        0.0328124575316906,
        0.9992391467094421,
        -0.021089205518364906,
        1.8096282482147217
      ],
      [
        -0.03287811949849129,
        -0.020009953528642654,
        -0.9992590546607971,
        0.09382182359695435
      ],
      [
        -0.9989205598831177,
        0.03348148241639137,
        0.0321965254843235,
        -0.6278465986251831
      ],
      [
        -1.141939875992648e-09,
        7.975134508342308e-08,
        -5.40928191128387e-10,
        1.0
      ]
    ],
    [
      [
        0.0328124575316906,
        0.9992391467094421,
        -0.021089205518364906,
        1.8096282482147217
      ],
      [
        -0.03287811949849129,
        -0.020009953528642654,
        -0.9992590546607971,
        0.09382182359695435
      ],
      [
        -0.9989205598831177,
        0.03348148241639137,
        0.0321965254843235,
        -0.6278465986251831
      ],
      [
        -1.141939875992648e-09,
        7.975134508342308e-08,
        -5.40928191128387e-10,
        1.0
      ]
    ],
    [
      [
        0.025859154760837555,
        0.9994569420814514,
        -0.02042006328701973,
        1.8185946941375732
      ],
      [
        -0.04147348552942276,
        -0.01933654583990574,
        -0.998952329158783,
        0.08449900895357132
      ],
      [
        -0.9988048076629639,
        0.026678837835788727,
        0.040951088070869446,
        -0.6550248265266418
      ],
      [
        7.607945384791037e-10,
        1.9337935697194553e-08,
        -1.6943524361323625e-09,
        1.0000001192092896
      ]
    ],
    [
      [
        0.025859154760837555,
        0.9994569420814514,
        -0.02042006328701973,
        1.8185946941375732
      ],
      [
        -0.04147348552942276,
        -0.01933654583990574,
        -0.998952329158783,
        0.08449900895357132
      ],
      [
        -0.9988048076629639,
        0.026678837835788727,
        0.040951088070869446,
        -0.6550248265266418
      ],
      [
        7.607945384791037e-10,
        1.9337935697194553e-08,
        -1.6943524361323625e-09,
        1.0000001192092896
      ]
    ],
    [
      [
        0.025859154760837555,
        0.9994569420814514,
        -0.02042006328701973,
        1.8185946941375732
      ],
      [
        -0.04147348552942276,
        -0.01933654583990574,
        -0.998952329158783,
        0.08449900895357132
      ],
      [
        -0.9988048076629639,
        0.026678837835788727,
        0.040951088070869446,
        -0.6550248265266418
      ],
      [
        7.607945384791037e-10,
        1.9337935697194553e-08,
        -1.6943524361323625e-09,
        1.0000001192092896
      ]
    ],
    [
      [
        0.025859154760837555,
        0.9994569420814514,
        -0.02042006328701973,
        1.8185946941375732
      ],
      [
        -0.04147348552942276,
        -0.01933654583990574,
        -0.998952329158783,
        0.08449900895357132
      ],
      [
        -0.9988048076629639,
        0.026678837835788727,
        0.040951088070869446,
        -0.6550248265266418
      ],
      [
        7.607945384791037e-10,
        1.9337935697194553e-08,
        -1.6943524361323625e-09,
        1.0000001192092896
      ]
    ],
    [
      [
        0.029619647189974785,
        0.999220073223114,
        -0.026113318279385567,
        1.8364769220352173
      ],
      [
        -0.047471512109041214,
        -0.02468901127576828,
        -0.9985672831535339,
        0.06527043879032135
      ],
      [
        -0.9984332323074341,
        0.030816763639450073,
        0.0467032790184021,
        -0.6674878597259521
      ],
      [
        -9.655977128986137e-10,
        1.8835979886944187e-08,
        4.339583137280556e-10,
        1.0
      ]
    ],
    [
      [
        0.029619647189974785,
        0.999220073223114,
        -0.026113318279385567,
        1.8364769220352173
      ],
      [
        -0.047471512109041214,
        -0.02468901127576828,
        -0.9985672831535339,
        0.06527043879032135
      ],
      [
        -0.9984332323074341,
        0.030816763639450073,
        0.0467032790184021,
        -0.6674878597259521
      ],
      [
        -9.655977128986137e-10,
        1.8835979886944187e-08,
        4.339583137280556e-10,
        1.0
      ]
    ],
    [
      [
        0.029619647189974785,
        0.999220073223114,
        -0.026113318279385567,
        1.8364769220352173
      ],
      [
        -0.047471512109041214,
        -0.02468901127576828,
        -0.9985672831535339,
        0.06527043879032135
      ],
      [
        -0.9984332323074341,
        0.030816763639450073,
        0.0467032790184021,
        -0.6674878597259521
      ],
      [
        -9.655977128986137e-10,
        1.8835979886944187e-08,
        4.339583137280556e-10,
        1.0
      ]
    ],
    [
      [
        0.029619647189974785,
        0.999220073223114,
        -0.026113318279385567,
        1.8364769220352173
      ],
      [
        -0.047471512109041214,
        -0.02468901127576828,
        -0.9985672831535339,
        0.06527043879032135
      ],
      [
        -0.9984332323074341,
        0.030816763639450073,
        0.0467032790184021,
        -0.6674878597259521
      ],
      [
        -9.655977128986137e-10,
        1.8835979886944187e-08,
        4.339583137280556e-10,
        1.0
      ]
    ],
    [
      [
        0.056385576725006104,
        0.9981779456138611,
        -0.02148178592324257,
        1.86885666847229
      ],
      [
        -0.06516453623771667,
        -0.017790645360946655,
        -0.9977157115936279,
        0.06564469635486603
      ],
      [
        -0.9962800741195679,
        0.057656481862068176,
        0.06404277682304382,
        -0.635606050491333
      ],
      [
        9.8498631473376e-10,
        3.335105347446188e-08,
        -6.598954715997252e-10,
        1.0
      ]
    ],
    [
      [
        0.056385576725006104,
        0.9981779456138611,
        -0.02148178592324257,
        1.86885666847229
      ],
      [
        -0.06516453623771667,
        -0.017790645360946655,
        -0.9977157115936279,
        0.06564469635486603
      ],
      [
        -0.9962800741195679,
        0.057656481862068176,
        0.06404277682304382,
        -0.635606050491333
      ],
      [
        9.8498631473376e-10,
        3.335105347446188e-08,
        -6.598954715997252e-10,
        1.0
      ]
    ],
    [
      [
        0.056385576725006104,
        0.9981779456138611,
        -0.02148178592324257,
        1.86885666847229
      ],
      [
        -0.06516453623771667,
        -0.017790645360946655,
        -0.9977157115936279,
        0.06564469635486603
      ],
      [
        -0.9962800741195679,
        0.057656481862068176,
        0.06404277682304382,
        -0.635606050491333
      ],
      [
        9.8498631473376e-10,
        3.335105347446188e-08,
        -6.598954715997252e-10,
        1.0
      ]
    ],
    [
      [
        0.056385576725006104,
        0.9981779456138611,
        -0.02148178592324257,
        1.86885666847229
      ],
      [
        -0.06516453623771667,
        -0.017790645360946655,
        -0.9977157115936279,
        0.06564469635486603
      ],
      [
        -0.9962800741195679,
        0.057656481862068176,
        0.06404277682304382,
        -0.635606050491333
      ],
      [
        9.8498631473376e-10,
        3.335105347446188e-08,
        -6.598954715997252e-10,
        1.0
      ]
    ],
    [
      [
        0.09474697709083557,
        0.9951233267784119,
        -0.027435123920440674,
        1.9013057947158813
      ],
      [
        -0.08325634151697159,
        -0.019541578367352486,
        -0.9963364601135254,
        0.047113921493291855
      ],
      [
        -0.9920137524604797,
        0.09668394923210144,
        0.08099890500307083,
        -0.5804786682128906
      ],
      [
        3.8673775293318613e-10,
        -2.297284851238146e-08,
        7.798277579240676e-10,
        0.9999999403953552
      ]
    ],
    [
      [
        0.09474697709083557,
        0.9951233267784119,
        -0.027435123920440674,
        1.9013057947158813
      ],
      [
        -0.08325634151697159,
        -0.019541578367352486,
        -0.9963364601135254,
        0.047113921493291855
      ],
      [
        -0.9920137524604797,
        0.09668394923210144,
        0.08099890500307083,
        -0.5804786682128906
      ],
      [
        3.8673775293318613e-10,
        -2.297284851238146e-08,
        7.798277579240676e-10,
        0.9999999403953552
      ]
    ],
    [
      [
        0.09474697709083557,
        0.9951233267784119,
        -0.027435123920440674,
        1.9013057947158813
      ],
      [
        -0.08325634151697159,
        -0.019541578367352486,
        -0.9963364601135254,
        0.047113921493291855
      ],
      [
        -0.9920137524604797,
        0.09668394923210144,
        0.08099890500307083,
        -0.5804786682128906
      ],
      [
        3.8673775293318613e-10,
        -2.297284851238146e-08,
        7.798277579240676e-10,
        0.9999999403953552
      ]
    ],
    [
      [
        0.09474697709083557,
        0.9951233267784119,
        -0.027435123920440674,
        1.9013057947158813
      ],
      [
        -0.08325634151697159,
        -0.019541578367352486,
        -0.9963364601135254,
        0.047113921493291855
      ],
      [
        -0.9920137524604797,
        0.09668394923210144,
        0.08099890500307083,
        -0.5804786682128906
      ],
      [
        3.8673775293318613e-10,
        -2.297284851238146e-08,
        7.798277579240676e-10,
        0.9999999403953552
      ]
    ],
    [
      [
        0.12692880630493164,
        0.991396963596344,
        -0.0319552980363369,
        1.9259265661239624
      ],
      [
        -0.08991187065839767,
        -0.020583759993314743,
        -0.9957370758056641,
        0.03506781533360481
      ],
      [
        -0.9878284335136414,
        0.1292608678340912,
        0.08652569353580475,
        -0.542715847492218
      ],
      [
        4.53894699603552e-11,
        2.114919794848902e-09,
        2.4366288986499285e-09,
        1.0
      ]
    ],
    [
      [
        0.12692880630493164,
        0.991396963596344,
        -0.0319552980363369,
        1.9259265661239624
      ],
      [
        -0.08991187065839767,
        -0.020583759993314743,
        -0.9957370758056641,
        0.03506781533360481
      ],
      [
        -0.9878284335136414,
        0.1292608678340912,
        0.08652569353580475,
        -0.542715847492218
      ],
      [
        4.53894699603552e-11,
        2.114919794848902e-09,
        2.4366288986499285e-09,
        1.0
      ]
    ],
    [
      [
        0.12692880630493164,
        0.991396963596344,
        -0.0319552980363369,
        1.9259265661239624
      ],
      [
        -0.08991187065839767,
        -0.020583759993314743,
        -0.9957370758056641,
        0.03506781533360481
      ],
      [
        -0.9878284335136414,
        0.1292608678340912,
        0.08652569353580475,
        -0.542715847492218
      ],
      [
        4.53894699603552e-11,
        2.114919794848902e-09,
        2.4366288986499285e-09,
        1.0
      ]
    ],
    [
      [
        0.12692880630493164,
        0.991396963596344,
        -0.0319552980363369,
        1.9259265661239624
      ],
      [
        -0.08991187065839767,
        -0.020583759993314743,
        -0.9957370758056641,
        0.03506781533360481
      ],
      [
        -0.9878284335136414,
        0.1292608678340912,
        0.08652569353580475,
        -0.542715847492218
      ],
      [
        4.53894699603552e-11,
        2.114919794848902e-09,
        2.4366288986499285e-09,
        1.0
      ]
    ],
    [
      [
        0.1492936760187149,
        0.9882253408432007,
        -0.033493638038635254,
        1.9414247274398804
      ],
      [
        -0.08108046650886536,
        -0.021524006500840187,
        -0.9964749813079834,
        0.03328761085867882
      ],
      [
        -0.9854628443717957,
        0.1514829695224762,
        0.0769125446677208,
        -0.5339587330818176
      ],
      [
        2.2840236368892874e-09,
        1.3084061833978922e-08,
        -1.411279981766711e-10,
        1.0
      ]
    ],
    [
      [
        0.1492936760187149,
        0.9882253408432007,
        -0.033493638038635254,
        1.9414247274398804
      ],
      [
        -0.08108046650886536,
        -0.021524006500840187,
        -0.9964749813079834,
        0.03328761085867882
      ],
      [
        -0.9854628443717957,
        0.1514829695224762,
        0.0769125446677208,
        -0.5339587330818176
      ],
      [
        2.2840236368892874e-09,
        1.3084061833978922e-08,
        -1.411279981766711e-10,
        1.0
      ]
    ],
    [
      [
        0.1492936760187149,
        0.9882253408432007,
        -0.033493638038635254,
        1.9414247274398804
      ],
      [
        -0.08108046650886536,
        -0.021524006500840187,
        -0.9964749813079834,
        0.03328761085867882
      ],
      [
        -0.9854628443717957,
        0.1514829695224762,
        0.0769125446677208,
        -0.5339587330818176
      ],
      [
        2.2840236368892874e-09,
        1.3084061833978922e-08,
        -1.411279981766711e-10,
        1.0
      ]
    ],
    [
      [
        0.1492936760187149,
        0.9882253408432007,
        -0.033493638038635254,
        1.9414247274398804
      ],
      [
        -0.08108046650886536,
        -0.021524006500840187,
        -0.9964749813079834,
        0.03328761085867882
      ],
      [
        -0.9854628443717957,
        0.1514829695224762,
        0.0769125446677208,
        -0.5339587330818176
      ],
      [
        2.2840236368892874e-09,
        1.3084061833978922e-08,
        -1.411279981766711e-10,
        1.0
      ]
    ],
    [
      [
        0.15766437351703644,
        0.9869601726531982,
        -0.03242712467908859,
        1.945194125175476
      ],
      [
        -0.06141382455825806,
        -0.022974060848355293,
        -0.9978479146957397,
        0.038255732506513596
      ],
      [
        -0.9855811595916748,
        0.1593165099620819,
        0.056990865617990494,
        -0.5612969398498535
      ],
      [
        -7.82604825388944e-09,
        7.281229841282766e-09,
        -1.058608756210333e-09,
        1.0
      ]
    ],
    [
      [
        0.15766437351703644,
        0.9869601726531982,
        -0.03242712467908859,
        1.945194125175476
      ],
      [
        -0.06141382455825806,
        -0.022974060848355293,
        -0.9978479146957397,
        0.038255732506513596
      ],
      [
        -0.9855811595916748,
        0.1593165099620819,
        0.056990865617990494,
        -0.5612969398498535
      ],
      [
        -7.82604825388944e-09,
        7.281229841282766e-09,
        -1.058608756210333e-09,
        1.0
      ]
    ],
    [
      [
        0.15766437351703644,
        0.9869601726531982,
        -0.03242712467908859,
        1.945194125175476
      ],
      [
        -0.06141382455825806,
        -0.022974060848355293,
        -0.9978479146957397,
        0.038255732506513596
      ],
      [
        -0.9855811595916748,
        0.1593165099620819,
        0.056990865617990494,
        -0.5612969398498535
      ],
      [
        -7.82604825388944e-09,
        7.281229841282766e-09,
        -1.058608756210333e-09,
        1.0
      ]
    ],
    [
      [
        0.15766437351703644,
        0.9869601726531982,
        -0.03242712467908859,
        1.945194125175476
      ],
      [
        -0.06141382455825806,
        -0.022974060848355293,
        -0.9978479146957397,
        0.038255732506513596
      ],
      [
        -0.9855811595916748,
        0.1593165099620819,
        0.056990865617990494,
        -0.5612969398498535
      ],
      [
        -7.82604825388944e-09,
        7.281229841282766e-09,
        -1.058608756210333e-09,
        1.0
      ]
    ],
    [
      [
        0.1518181711435318,
        0.9878493547439575,
        -0.03323714807629585,
        1.9340256452560425
      ],
      [
        -0.04763448238372803,
        -0.026275375857949257,
        -0.9985191226005554,
        0.03444451838731766
      ],
      [
        -0.9872598648071289,
        0.1531764715909958,
        0.04306672513484955,
        -0.6183462738990784
      ],
      [
        1.1139539068949489e-08,
        2.9369331855377823e-08,
        -2.8436732968373235e-09,
        1.0
      ]
    ],
    [
      [
        0.1518181711435318,
        0.9878493547439575,
        -0.03323714807629585,
        1.9340256452560425
      ],
      [
        -0.04763448238372803,
        -0.026275375857949257,
        -0.9985191226005554,
        0.03444451838731766
      ],
      [
        -0.9872598648071289,
        0.1531764715909958,
        0.04306672513484955,
        -0.6183462738990784
      ],
      [
        1.1139539068949489e-08,
        2.9369331855377823e-08,
        -2.8436732968373235e-09,
        1.0
      ]
    ],
    [
      [
        0.1518181711435318,
        0.9878493547439575,
        -0.03323714807629585,
        1.9340256452560425
      ],
      [
        -0.04763448238372803,
        -0.026275375857949257,
        -0.9985191226005554,
        0.03444451838731766
      ],
      [
        -0.9872598648071289,
        0.1531764715909958,
        0.04306672513484955,
        -0.6183462738990784
      ],
      [
        1.1139539068949489e-08,
        2.9369331855377823e-08,
        -2.8436732968373235e-09,
        1.0
      ]
    ],
    [
      [
        0.1518181711435318,
        0.9878493547439575,
        -0.03323714807629585,
        1.9340256452560425
      ],
      [
        -0.04763448238372803,
        -0.026275375857949257,
        -0.9985191226005554,
        0.03444451838731766
      ],
      [
        -0.9872598648071289,
        0.1531764715909958,
        0.04306672513484955,
        -0.6183462738990784
      ],
      [
        1.1139539068949489e-08,
        2.9369331855377823e-08,
        -2.8436732968373235e-09,
        1.0
      ]
    ],
    [
      [
        0.1333661526441574,
        0.9907190799713135,
        -0.026252353563904762,
        1.9115631580352783
      ],
      [
        -0.05304749310016632,
        -0.019314978271722794,
        -0.9984049797058105,
        0.04329400137066841
      ],
      [
        -0.9896460771560669,
        0.1345459222793579,
        0.049979258328676224,
        -0.6950142979621887
      ],
      [
        5.477089004557456e-09,
        3.635719281191996e-08,
        -1.912392466607571e-10,
        1.0
      ]
    ],
    [
      [
        0.1333661526441574,
        0.9907190799713135,
        -0.026252353563904762,
        1.9115631580352783
      ],
      [
        -0.05304749310016632,
        -0.019314978271722794,
        -0.9984049797058105,
        0.04329400137066841
      ],
      [
        -0.9896460771560669,
        0.1345459222793579,
        0.049979258328676224,
        -0.6950142979621887
      ],
      [
        5.477089004557456e-09,
        3.635719281191996e-08,
        -1.912392466607571e-10,
        1.0
      ]
    ],
    [
      [
        0.1333661526441574,
        0.9907190799713135,
        -0.026252353563904762,
        1.9115631580352783
      ],
      [
        -0.05304749310016632,
        -0.019314978271722794,
        -0.9984049797058105,
        0.04329400137066841
      ],
      [
        -0.9896460771560669,
        0.1345459222793579,
        0.049979258328676224,
        -0.6950142979621887
      ],
      [
        5.477089004557456e-09,
        3.635719281191996e-08,
        -1.912392466607571e-10,
        1.0
      ]
    ],
    [
      [
        0.1333661526441574,
        0.9907190799713135,
        -0.026252353563904762,
        1.9115631580352783
      ],
      [
        -0.05304749310016632,
        -0.019314978271722794,
        -0.9984049797058105,
        0.04329400137066841
      ],
      [
        -0.9896460771560669,
        0.1345459222793579,
        0.049979258328676224,
        -0.6950142979621887
      ],
      [
        5.477089004557456e-09,
        3.635719281191996e-08,
        -1.912392466607571e-10,
        1.0
      ]
    ],
    [
      [
        0.09761567413806915,
        0.9951973557472229,
        -0.007298878859728575,
        1.876810073852539
      ],
      [
        -0.07236359268426895,
        -0.0002169143408536911,
        -0.9973781108856201,
        0.06838957965373993
      ],
      [
        -0.9925898313522339,
        0.09788785129785538,
        0.07199491560459137,
        -0.7973763942718506
      ],
      [
        -1.2087832956808597e-09,
        -2.016178157759896e-08,
        3.865339992525918e-10,
        0.9999999403953552
      ]
    ],
    [
      [
        0.09761567413806915,
        0.9951973557472229,
        -0.007298878859728575,
        1.876810073852539
      ],
      [
        -0.07236359268426895,
        -0.0002169143408536911,
        -0.9973781108856201,
        0.06838957965373993
      ],
      [
        -0.9925898313522339,
        0.09788785129785538,
        0.07199491560459137,
        -0.7973763942718506
      ],
      [
        -1.2087832956808597e-09,
        -2.016178157759896e-08,
        3.865339992525918e-10,
        0.9999999403953552
      ]
    ],
    [
      [
        0.09761567413806915,
        0.9951973557472229,
        -0.007298878859728575,
        1.876810073852539
      ],
      [
        -0.07236359268426895,
        -0.0002169143408536911,
        -0.9973781108856201,
        0.06838957965373993
      ],
      [
        -0.9925898313522339,
        0.09788785129785538,
        0.07199491560459137,
        -0.7973763942718506
      ],
      [
        -1.2087832956808597e-09,
        -2.016178157759896e-08,
        3.865339992525918e-10,
        0.9999999403953552
      ]
    ],
    [
      [
        0.09761567413806915,
        0.9951973557472229,
        -0.007298878859728575,
        1.876810073852539
      ],
      [
        -0.07236359268426895,
        -0.0002169143408536911,
        -0.9973781108856201,
        0.06838957965373993
      ],
      [
        -0.9925898313522339,
        0.09788785129785538,
        0.07199491560459137,
        -0.7973763942718506
      ],
      [
        -1.2087832956808597e-09,
        -2.016178157759896e-08,
        3.865339992525918e-10,
        0.9999999403953552
      ]
    ],
    [
      [
        0.06060488894581795,
        0.9980865716934204,
        0.012270591221749783,
        1.83735990524292
      ],
      [
        -0.09003183990716934,
        0.017709000036120415,
        -0.9957815408706665,
        0.08767808228731155
      ],
      [
        -0.9940932989120483,
        0.05924451723694801,
        0.09093275666236877,
        -0.8975948691368103
      ],
      [
        -2.388441444622913e-08,
        2.8211182723225647e-08,
        1.531038851254607e-09,
        1.0
      ]
    ],
    [
      [
        0.06060488894581795,
        0.9980865716934204,
        0.012270591221749783,
        1.83735990524292
      ],
      [
        -0.09003183990716934,
        0.017709000036120415,
        -0.9957815408706665,
        0.08767808228731155
      ],
      [
        -0.9940932989120483,
        0.05924451723694801,
        0.09093275666236877,
        -0.8975948691368103
      ],
      [
        -2.388441444622913e-08,
        2.8211182723225647e-08,
        1.531038851254607e-09,
        1.0
      ]
    ],
    [
      [
        0.06060488894581795,
        0.9980865716934204,
        0.012270591221749783,
        1.83735990524292
      ],
      [
        -0.09003183990716934,
        0.017709000036120415,
        -0.9957815408706665,
        0.08767808228731155
      ],
      [
        -0.9940932989120483,
        0.05924451723694801,
        0.09093275666236877,
        -0.8975948691368103
      ],
      [
        -2.388441444622913e-08,
        2.8211182723225647e-08,
        1.531038851254607e-09,
        1.0
      ]
    ],
    [
      [
        0.06060488894581795,
        0.9980865716934204,
        0.012270591221749783,
        1.83735990524292
      ],
      [
        -0.09003183990716934,
        0.017709000036120415,
        -0.9957815408706665,
        0.08767808228731155
      ],
      [
        -0.9940932989120483,
        0.05924451723694801,
        0.09093275666236877,
        -0.8975948691368103
      ],
      [
        -2.388441444622913e-08,
        2.8211182723225647e-08,
        1.531038851254607e-09,
        1.0
      ]
    ],
    [
      [
        0.02126089297235012,
        0.9995161890983582,
        0.022699708119034767,
        1.7922202348709106
      ],
      [
        -0.09865827113389969,
        0.024691583588719368,
        -0.9948148727416992,
        0.0907328724861145
      ],
      [
        -0.9948941469192505,
        0.018911033868789673,
        0.09913557767868042,
        -1.0010212659835815
      ],
      [
        6.71029498633402e-09,
        -6.384466288977819e-10,
        3.0680373797054017e-09,
        1.0000001192092896
      ]
    ],
    [
      [
        0.02126089297235012,
        0.9995161890983582,
        0.022699708119034767,
        1.7922202348709106
      ],
      [
        -0.09865827113389969,
        0.024691583588719368,
        -0.9948148727416992,
        0.0907328724861145
      ],
      [
        -0.9948941469192505,
        0.018911033868789673,
        0.09913557767868042,
        -1.0010212659835815
      ],
      [
        6.71029498633402e-09,
        -6.384466288977819e-10,
        3.0680373797054017e-09,
        1.0000001192092896
      ]
    ],
    [
      [
        0.02126089297235012,
        0.9995161890983582,
        0.022699708119034767,
        1.7922202348709106
      ],
      [
        -0.09865827113389969,
        0.024691583588719368,
        -0.9948148727416992,
        0.0907328724861145
      ],
      [
        -0.9948941469192505,
        0.018911033868789673,
        0.09913557767868042,
        -1.0010212659835815
      ],
      [
        6.71029498633402e-09,
        -6.384466288977819e-10,
        3.0680373797054017e-09,
        1.0000001192092896
      ]
    ],
    [
      [
        0.02126089297235012,
        0.9995161890983582,
        0.022699708119034767,
        1.7922202348709106
      ],
      [
        -0.09865827113389969,
        0.024691583588719368,
        -0.9948148727416992,
        0.0907328724861145
      ],
      [
        -0.9948941469192505,
        0.018911033868789673,
        0.09913557767868042,
        -1.0010212659835815
      ],
      [
        6.71029498633402e-09,
        -6.384466288977819e-10,
        3.0680373797054017e-09,
        1.0000001192092896
      ]
    ],
    [
      [
        -0.012322106398642063,
        0.9995686411857605,
        0.026662560179829597,
        1.7506195306777954
      ],
      [
        -0.09561220556497574,
        0.025364581495523453,
        -0.9950953722000122,
        0.0909312441945076
      ],
      [
        -0.9953424334526062,
        -0.014811194501817226,
        0.09525847434997559,
        -1.096193552017212
      ],
      [
        2.1149265450048915e-08,
        4.9426667203533725e-08,
        4.2235639985399587e-10,
        1.0000001192092896
      ]
    ],
    [
      [
        -0.012322106398642063,
        0.9995686411857605,
        0.026662560179829597,
        1.7506195306777954
      ],
      [
        -0.09561220556497574,
        0.025364581495523453,
        -0.9950953722000122,
        0.0909312441945076
      ],
      [
        -0.9953424334526062,
        -0.014811194501817226,
        0.09525847434997559,
        -1.096193552017212
      ],
      [
        2.1149265450048915e-08,
        4.9426667203533725e-08,
        4.2235639985399587e-10,
        1.0000001192092896
      ]
    ],
    [
      [
        -0.012322106398642063,
        0.9995686411857605,
        0.026662560179829597,
        1.7506195306777954
      ],
      [
        -0.09561220556497574,
        0.025364581495523453,
        -0.9950953722000122,
        0.0909312441945076
      ],
      [
        -0.9953424334526062,
        -0.014811194501817226,
        0.09525847434997559,
        -1.096193552017212
      ],
      [
        2.1149265450048915e-08,
        4.9426667203533725e-08,
        4.2235639985399587e-10,
        1.0000001192092896
      ]
    ],
    [
      [
        -0.012322106398642063,
        0.9995686411857605,
        0.026662560179829597,
        1.7506195306777954
      ],
      [
        -0.09561220556497574,
        0.025364581495523453,
        -0.9950953722000122,
        0.0909312441945076
      ],
      [
        -0.9953424334526062,
        -0.014811194501817226,
        0.09525847434997559,
        -1.096193552017212
      ],
      [
        2.1149265450048915e-08,
        4.9426667203533725e-08,
        4.2235639985399587e-10,
        1.0000001192092896
      ]
    ],
    [
      [
        -0.03357630968093872,
        0.9990894794464111,
        0.02631879784166813,
        1.722397804260254
      ],
      [
        -0.08058333396911621,
        0.023541739210486412,
        -0.9964698553085327,
        0.09788578003644943
      ],
      [
        -0.9961820840835571,
        -0.03557866811752319,
        0.0797196477651596,
        -1.1743096113204956
      ],
      [
        1.556622919451911e-08,
        -3.055386699202245e-08,
        -2.345358574018519e-09,
        1.0
      ]
    ],
    [
      [
        -0.03357630968093872,
        0.9990894794464111,
        0.02631879784166813,
        1.722397804260254
      ],
      [
        -0.08058333396911621,
        0.023541739210486412,
        -0.9964698553085327,
        0.09788578003644943
      ],
      [
        -0.9961820840835571,
        -0.03557866811752319,
        0.0797196477651596,
        -1.1743096113204956
      ],
      [
        1.556622919451911e-08,
        -3.055386699202245e-08,
        -2.345358574018519e-09,
        1.0
      ]
    ],
    [
      [
        -0.03357630968093872,
        0.9990894794464111,
        0.02631879784166813,
        1.722397804260254
      ],
      [
        -0.08058333396911621,
        0.023541739210486412,
        -0.9964698553085327,
        0.09788578003644943
      ],
      [
        -0.9961820840835571,
        -0.03557866811752319,
        0.0797196477651596,
        -1.1743096113204956
      ],
      [
        1.556622919451911e-08,
        -3.055386699202245e-08,
        -2.345358574018519e-09,
        1.0
      ]
    ],
    [
      [
        -0.03357630968093872,
        0.9990894794464111,
        0.02631879784166813,
        1.722397804260254
      ],
      [
        -0.08058333396911621,
        0.023541739210486412,
        -0.9964698553085327,
        0.09788578003644943
      ],
      [
        -0.9961820840835571,
        -0.03557866811752319,
        0.0797196477651596,
        -1.1743096113204956
      ],
      [
        1.556622919451911e-08,
        -3.055386699202245e-08,
        -2.345358574018519e-09,
        1.0
      ]
    ],
    [
      [
        -0.04140760377049446,
        0.9988430142402649,
        0.02444857731461525,
        1.7124948501586914
      ],
      [
        -0.05911988765001297,
        0.021977344527840614,
        -0.9980089068412781,
        0.11202985793352127
      ],
      [
        -0.9973915815353394,
        -0.0427706353366375,
        0.05814158543944359,
        -1.2339792251586914
      ],
      [
        -3.0891616376038655e-08,
        -1.6674615466172327e-08,
        4.159661504132828e-09,
        1.0
      ]
    ],
    [
      [
        -0.04140760377049446,
        0.9988430142402649,
        0.02444857731461525,
        1.7124948501586914
      ],
      [
        -0.05911988765001297,
        0.021977344527840614,
        -0.9980089068412781,
        0.11202985793352127
      ],
      [
        -0.9973915815353394,
        -0.0427706353366375,
        0.05814158543944359,
        -1.2339792251586914
      ],
      [
        -3.0891616376038655e-08,
        -1.6674615466172327e-08,
        4.159661504132828e-09,
        1.0
      ]
    ],
    [
      [
        -0.04140760377049446,
        0.9988430142402649,
        0.02444857731461525,
        1.7124948501586914
      ],
      [
        -0.05911988765001297,
        0.021977344527840614,
        -0.9980089068412781,
        0.11202985793352127
      ],
      [
        -0.9973915815353394,
        -0.0427706353366375,
        0.05814158543944359,
        -1.2339792251586914
      ],
      [
        -3.0891616376038655e-08,
        -1.6674615466172327e-08,
        4.159661504132828e-09,
        1.0
      ]
    ],
    [
      [
        -0.04140760377049446,
        0.9988430142402649,
        0.02444857731461525,
        1.7124948501586914
      ],
      [
        -0.05911988765001297,
        0.021977344527840614,
        -0.9980089068412781,
        0.11202985793352127
      ],
      [
        -0.9973915815353394,
        -0.0427706353366375,
        0.05814158543944359,
        -1.2339792251586914
      ],
      [
        -3.0891616376038655e-08,
        -1.6674615466172327e-08,
        4.159661504132828e-09,
        1.0
      ]
    ],
    [
      [
        -0.033702049404382706,
        0.9991973638534546,
        0.021649546921253204,
        1.7264115810394287
      ],
      [
        -0.04377855733036995,
        0.02016519382596016,
        -0.9988376498222351,
        0.11810951679944992
      ],
      [
        -0.9984725713729858,
        -0.034610599279403687,
        0.043063849210739136,
        -1.2675360441207886
      ],
      [
        1.4547811844067837e-08,
        -2.5032397488189417e-08,
        -2.3949658922717276e-10,
        1.0
      ]
    ],
    [
      [
        -0.033702049404382706,
        0.9991973638534546,
        0.021649546921253204,
        1.7264115810394287
      ],
      [
        -0.04377855733036995,
        0.02016519382596016,
        -0.9988376498222351,
        0.11810951679944992
      ],
      [
        -0.9984725713729858,
        -0.034610599279403687,
        0.043063849210739136,
        -1.2675360441207886
      ],
      [
        1.4547811844067837e-08,
        -2.5032397488189417e-08,
        -2.3949658922717276e-10,
        1.0
      ]
    ],
    [
      [
        -0.033702049404382706,
        0.9991973638534546,
        0.021649546921253204,
        1.7264115810394287
      ],
      [
        -0.04377855733036995,
        0.02016519382596016,
        -0.9988376498222351,
        0.11810951679944992
      ],
      [
        -0.9984725713729858,
        -0.034610599279403687,
        0.043063849210739136,
        -1.2675360441207886
      ],
      [
        1.4547811844067837e-08,
        -2.5032397488189417e-08,
        -2.3949658922717276e-10,
        1.0
      ]
    ],
    [
      [
        -0.033702049404382706,
        0.9991973638534546,
        0.021649546921253204,
        1.7264115810394287
      ],
      [
        -0.04377855733036995,
